8
1	382	353
2	484	328
3	695	241
4	715	242
5	695	241
6	695	241
7	710	245
8	715	242
9	695	241
10	-1	-1
1	0	0
2	1	1
3	2	2
4	1	1
5	0	0
6	4	4
7	-1	-1
1	382	353
2	484	328
3	695	241
4	715	242
5	695	241
6	695	241
7	710	245
8	715	242
9	695	241
10	-1	-1
1	0	0
2	1	1
3	2	2
4	1	1
5	0	0
6	4	4
7	-1	-1
1 695 241
2 695 241
3 -1 -1
1 695 241
2 695 241
3 710 245
4 715 242
5 1999 241
6 -1 -1
1 0 0
2 0 1
3 0 0
4 2 1
5 2 1
6 -1 -1
1 0 0
2 1 1
3 2 2
4 1 1
5 0 0
6 4 4
7 -1 -1
1 1 280
2 -1 -1
1 200 10
2 200 0
3 20 20
4 -10 20
5 20 20002
6 -1 -1
1 -5 8
2 10 29
3 -1 -1
